{
 "cells": [
  {
   "cell_type": "code",
   "execution_count": 9,
   "metadata": {},
   "outputs": [
    {
     "data": {
      "text/html": [
       "<div>\n",
       "<style scoped>\n",
       "    .dataframe tbody tr th:only-of-type {\n",
       "        vertical-align: middle;\n",
       "    }\n",
       "\n",
       "    .dataframe tbody tr th {\n",
       "        vertical-align: top;\n",
       "    }\n",
       "\n",
       "    .dataframe thead th {\n",
       "        text-align: right;\n",
       "    }\n",
       "</style>\n",
       "<table border=\"1\" class=\"dataframe\">\n",
       "  <thead>\n",
       "    <tr style=\"text-align: right;\">\n",
       "      <th></th>\n",
       "      <th>Menor 1 ano</th>\n",
       "      <th>1 a 4 anos</th>\n",
       "      <th>5 a 9 anos</th>\n",
       "      <th>10 a 14 anos</th>\n",
       "      <th>15 a 19 anos</th>\n",
       "      <th>20 a 29 anos</th>\n",
       "      <th>30 a 39 anos</th>\n",
       "      <th>40 a 49 anos</th>\n",
       "      <th>50 a 59 anos</th>\n",
       "      <th>60 a 69 anos</th>\n",
       "      <th>70 a 79 anos</th>\n",
       "      <th>80 anos e mais</th>\n",
       "      <th>Ano</th>\n",
       "    </tr>\n",
       "  </thead>\n",
       "  <tbody>\n",
       "    <tr>\n",
       "      <th>1</th>\n",
       "      <td>48</td>\n",
       "      <td>71</td>\n",
       "      <td>45</td>\n",
       "      <td>18</td>\n",
       "      <td>38</td>\n",
       "      <td>144</td>\n",
       "      <td>83</td>\n",
       "      <td>72</td>\n",
       "      <td>53</td>\n",
       "      <td>38</td>\n",
       "      <td>33</td>\n",
       "      <td>18</td>\n",
       "      <td>2008</td>\n",
       "    </tr>\n",
       "    <tr>\n",
       "      <th>2</th>\n",
       "      <td>42</td>\n",
       "      <td>50</td>\n",
       "      <td>44</td>\n",
       "      <td>14</td>\n",
       "      <td>63</td>\n",
       "      <td>126</td>\n",
       "      <td>79</td>\n",
       "      <td>54</td>\n",
       "      <td>48</td>\n",
       "      <td>28</td>\n",
       "      <td>23</td>\n",
       "      <td>13</td>\n",
       "      <td>2008</td>\n",
       "    </tr>\n",
       "    <tr>\n",
       "      <th>3</th>\n",
       "      <td>62</td>\n",
       "      <td>81</td>\n",
       "      <td>49</td>\n",
       "      <td>15</td>\n",
       "      <td>53</td>\n",
       "      <td>135</td>\n",
       "      <td>87</td>\n",
       "      <td>70</td>\n",
       "      <td>55</td>\n",
       "      <td>44</td>\n",
       "      <td>28</td>\n",
       "      <td>16</td>\n",
       "      <td>2008</td>\n",
       "    </tr>\n",
       "    <tr>\n",
       "      <th>4</th>\n",
       "      <td>52</td>\n",
       "      <td>52</td>\n",
       "      <td>47</td>\n",
       "      <td>27</td>\n",
       "      <td>55</td>\n",
       "      <td>130</td>\n",
       "      <td>87</td>\n",
       "      <td>64</td>\n",
       "      <td>46</td>\n",
       "      <td>34</td>\n",
       "      <td>43</td>\n",
       "      <td>11</td>\n",
       "      <td>2008</td>\n",
       "    </tr>\n",
       "    <tr>\n",
       "      <th>5</th>\n",
       "      <td>43</td>\n",
       "      <td>43</td>\n",
       "      <td>35</td>\n",
       "      <td>19</td>\n",
       "      <td>58</td>\n",
       "      <td>121</td>\n",
       "      <td>84</td>\n",
       "      <td>66</td>\n",
       "      <td>57</td>\n",
       "      <td>36</td>\n",
       "      <td>37</td>\n",
       "      <td>21</td>\n",
       "      <td>2008</td>\n",
       "    </tr>\n",
       "    <tr>\n",
       "      <th>6</th>\n",
       "      <td>32</td>\n",
       "      <td>40</td>\n",
       "      <td>31</td>\n",
       "      <td>13</td>\n",
       "      <td>53</td>\n",
       "      <td>131</td>\n",
       "      <td>74</td>\n",
       "      <td>63</td>\n",
       "      <td>50</td>\n",
       "      <td>42</td>\n",
       "      <td>42</td>\n",
       "      <td>21</td>\n",
       "      <td>2008</td>\n",
       "    </tr>\n",
       "    <tr>\n",
       "      <th>7</th>\n",
       "      <td>38</td>\n",
       "      <td>66</td>\n",
       "      <td>47</td>\n",
       "      <td>19</td>\n",
       "      <td>48</td>\n",
       "      <td>111</td>\n",
       "      <td>85</td>\n",
       "      <td>78</td>\n",
       "      <td>44</td>\n",
       "      <td>47</td>\n",
       "      <td>40</td>\n",
       "      <td>11</td>\n",
       "      <td>2008</td>\n",
       "    </tr>\n",
       "    <tr>\n",
       "      <th>8</th>\n",
       "      <td>39</td>\n",
       "      <td>47</td>\n",
       "      <td>38</td>\n",
       "      <td>12</td>\n",
       "      <td>46</td>\n",
       "      <td>91</td>\n",
       "      <td>85</td>\n",
       "      <td>69</td>\n",
       "      <td>50</td>\n",
       "      <td>37</td>\n",
       "      <td>26</td>\n",
       "      <td>21</td>\n",
       "      <td>2008</td>\n",
       "    </tr>\n",
       "    <tr>\n",
       "      <th>9</th>\n",
       "      <td>39</td>\n",
       "      <td>45</td>\n",
       "      <td>32</td>\n",
       "      <td>10</td>\n",
       "      <td>35</td>\n",
       "      <td>108</td>\n",
       "      <td>71</td>\n",
       "      <td>68</td>\n",
       "      <td>51</td>\n",
       "      <td>58</td>\n",
       "      <td>37</td>\n",
       "      <td>27</td>\n",
       "      <td>2008</td>\n",
       "    </tr>\n",
       "    <tr>\n",
       "      <th>10</th>\n",
       "      <td>36</td>\n",
       "      <td>43</td>\n",
       "      <td>22</td>\n",
       "      <td>15</td>\n",
       "      <td>44</td>\n",
       "      <td>111</td>\n",
       "      <td>73</td>\n",
       "      <td>74</td>\n",
       "      <td>53</td>\n",
       "      <td>40</td>\n",
       "      <td>39</td>\n",
       "      <td>20</td>\n",
       "      <td>2008</td>\n",
       "    </tr>\n",
       "    <tr>\n",
       "      <th>11</th>\n",
       "      <td>17</td>\n",
       "      <td>23</td>\n",
       "      <td>17</td>\n",
       "      <td>10</td>\n",
       "      <td>41</td>\n",
       "      <td>108</td>\n",
       "      <td>74</td>\n",
       "      <td>54</td>\n",
       "      <td>56</td>\n",
       "      <td>49</td>\n",
       "      <td>34</td>\n",
       "      <td>14</td>\n",
       "      <td>2008</td>\n",
       "    </tr>\n",
       "    <tr>\n",
       "      <th>12</th>\n",
       "      <td>26</td>\n",
       "      <td>30</td>\n",
       "      <td>29</td>\n",
       "      <td>20</td>\n",
       "      <td>49</td>\n",
       "      <td>116</td>\n",
       "      <td>75</td>\n",
       "      <td>59</td>\n",
       "      <td>51</td>\n",
       "      <td>38</td>\n",
       "      <td>29</td>\n",
       "      <td>16</td>\n",
       "      <td>2008</td>\n",
       "    </tr>\n",
       "    <tr>\n",
       "      <th>14</th>\n",
       "      <td>35</td>\n",
       "      <td>32</td>\n",
       "      <td>21</td>\n",
       "      <td>14</td>\n",
       "      <td>62</td>\n",
       "      <td>108</td>\n",
       "      <td>88</td>\n",
       "      <td>74</td>\n",
       "      <td>59</td>\n",
       "      <td>37</td>\n",
       "      <td>37</td>\n",
       "      <td>9</td>\n",
       "      <td>2009</td>\n",
       "    </tr>\n",
       "    <tr>\n",
       "      <th>15</th>\n",
       "      <td>31</td>\n",
       "      <td>35</td>\n",
       "      <td>18</td>\n",
       "      <td>13</td>\n",
       "      <td>50</td>\n",
       "      <td>91</td>\n",
       "      <td>79</td>\n",
       "      <td>57</td>\n",
       "      <td>45</td>\n",
       "      <td>35</td>\n",
       "      <td>37</td>\n",
       "      <td>22</td>\n",
       "      <td>2009</td>\n",
       "    </tr>\n",
       "    <tr>\n",
       "      <th>16</th>\n",
       "      <td>38</td>\n",
       "      <td>29</td>\n",
       "      <td>28</td>\n",
       "      <td>15</td>\n",
       "      <td>64</td>\n",
       "      <td>123</td>\n",
       "      <td>90</td>\n",
       "      <td>78</td>\n",
       "      <td>52</td>\n",
       "      <td>62</td>\n",
       "      <td>48</td>\n",
       "      <td>19</td>\n",
       "      <td>2009</td>\n",
       "    </tr>\n",
       "    <tr>\n",
       "      <th>17</th>\n",
       "      <td>45</td>\n",
       "      <td>17</td>\n",
       "      <td>21</td>\n",
       "      <td>12</td>\n",
       "      <td>46</td>\n",
       "      <td>113</td>\n",
       "      <td>83</td>\n",
       "      <td>55</td>\n",
       "      <td>58</td>\n",
       "      <td>32</td>\n",
       "      <td>36</td>\n",
       "      <td>20</td>\n",
       "      <td>2009</td>\n",
       "    </tr>\n",
       "    <tr>\n",
       "      <th>18</th>\n",
       "      <td>46</td>\n",
       "      <td>28</td>\n",
       "      <td>25</td>\n",
       "      <td>15</td>\n",
       "      <td>36</td>\n",
       "      <td>109</td>\n",
       "      <td>86</td>\n",
       "      <td>49</td>\n",
       "      <td>50</td>\n",
       "      <td>51</td>\n",
       "      <td>36</td>\n",
       "      <td>14</td>\n",
       "      <td>2009</td>\n",
       "    </tr>\n",
       "    <tr>\n",
       "      <th>19</th>\n",
       "      <td>37</td>\n",
       "      <td>21</td>\n",
       "      <td>14</td>\n",
       "      <td>17</td>\n",
       "      <td>41</td>\n",
       "      <td>120</td>\n",
       "      <td>80</td>\n",
       "      <td>61</td>\n",
       "      <td>56</td>\n",
       "      <td>45</td>\n",
       "      <td>39</td>\n",
       "      <td>22</td>\n",
       "      <td>2009</td>\n",
       "    </tr>\n",
       "    <tr>\n",
       "      <th>20</th>\n",
       "      <td>40</td>\n",
       "      <td>30</td>\n",
       "      <td>26</td>\n",
       "      <td>21</td>\n",
       "      <td>55</td>\n",
       "      <td>119</td>\n",
       "      <td>66</td>\n",
       "      <td>73</td>\n",
       "      <td>55</td>\n",
       "      <td>49</td>\n",
       "      <td>47</td>\n",
       "      <td>23</td>\n",
       "      <td>2009</td>\n",
       "    </tr>\n",
       "    <tr>\n",
       "      <th>21</th>\n",
       "      <td>38</td>\n",
       "      <td>33</td>\n",
       "      <td>34</td>\n",
       "      <td>19</td>\n",
       "      <td>47</td>\n",
       "      <td>116</td>\n",
       "      <td>87</td>\n",
       "      <td>60</td>\n",
       "      <td>66</td>\n",
       "      <td>57</td>\n",
       "      <td>45</td>\n",
       "      <td>29</td>\n",
       "      <td>2009</td>\n",
       "    </tr>\n",
       "  </tbody>\n",
       "</table>\n",
       "</div>"
      ],
      "text/plain": [
       "   Menor 1 ano 1 a 4 anos 5 a 9 anos 10 a 14 anos 15 a 19 anos 20 a 29 anos  \\\n",
       "1           48         71         45           18           38          144   \n",
       "2           42         50         44           14           63          126   \n",
       "3           62         81         49           15           53          135   \n",
       "4           52         52         47           27           55          130   \n",
       "5           43         43         35           19           58          121   \n",
       "6           32         40         31           13           53          131   \n",
       "7           38         66         47           19           48          111   \n",
       "8           39         47         38           12           46           91   \n",
       "9           39         45         32           10           35          108   \n",
       "10          36         43         22           15           44          111   \n",
       "11          17         23         17           10           41          108   \n",
       "12          26         30         29           20           49          116   \n",
       "14          35         32         21           14           62          108   \n",
       "15          31         35         18           13           50           91   \n",
       "16          38         29         28           15           64          123   \n",
       "17          45         17         21           12           46          113   \n",
       "18          46         28         25           15           36          109   \n",
       "19          37         21         14           17           41          120   \n",
       "20          40         30         26           21           55          119   \n",
       "21          38         33         34           19           47          116   \n",
       "\n",
       "   30 a 39 anos 40 a 49 anos 50 a 59 anos  60 a 69 anos 70 a 79 anos  \\\n",
       "1            83           72           53            38           33   \n",
       "2            79           54           48            28           23   \n",
       "3            87           70           55            44           28   \n",
       "4            87           64           46            34           43   \n",
       "5            84           66           57            36           37   \n",
       "6            74           63           50            42           42   \n",
       "7            85           78           44            47           40   \n",
       "8            85           69           50            37           26   \n",
       "9            71           68           51            58           37   \n",
       "10           73           74           53            40           39   \n",
       "11           74           54           56            49           34   \n",
       "12           75           59           51            38           29   \n",
       "14           88           74           59            37           37   \n",
       "15           79           57           45            35           37   \n",
       "16           90           78           52            62           48   \n",
       "17           83           55           58            32           36   \n",
       "18           86           49           50            51           36   \n",
       "19           80           61           56            45           39   \n",
       "20           66           73           55            49           47   \n",
       "21           87           60           66            57           45   \n",
       "\n",
       "    80 anos e mais   Ano  \n",
       "1               18  2008  \n",
       "2               13  2008  \n",
       "3               16  2008  \n",
       "4               11  2008  \n",
       "5               21  2008  \n",
       "6               21  2008  \n",
       "7               11  2008  \n",
       "8               21  2008  \n",
       "9               27  2008  \n",
       "10              20  2008  \n",
       "11              14  2008  \n",
       "12              16  2008  \n",
       "14               9  2009  \n",
       "15              22  2009  \n",
       "16              19  2009  \n",
       "17              20  2009  \n",
       "18              14  2009  \n",
       "19              22  2009  \n",
       "20              23  2009  \n",
       "21              29  2009  "
      ]
     },
     "execution_count": 9,
     "metadata": {},
     "output_type": "execute_result"
    }
   ],
   "source": [
    "import pandas as pd\n",
    "import matplotlib.pyplot as plt\n",
    "df_datasus = pd.read_csv('datasus.csv', sep=';').convert_dtypes()\n",
    "df_datasus = df_datasus[~df_datasus['Ano/mes atendimento'].str.contains(r'^\\d{4}$')]\n",
    "meses = {'Janeiro': '01', 'Fevereiro': '02', 'Marco': '03', 'Abril': '04', 'Maio': '05', 'Junho': '06', \n",
    "         'Julho': '07', 'Agosto': '08', 'Setembro': '09', 'Outubro': '10', 'Novembro': '11', 'Dezembro': '12'}\n",
    "df_datasus['Ano/mes atendimento'] = df_datasus['Ano/mes atendimento'].replace(meses, regex=True)\n",
    "df_datasus.drop(df_datasus[df_datasus['Ano/mes atendimento'] == 'Total'].index, inplace=True)\n",
    "df_datasus['Ano/mes atendimento'] = pd.to_datetime(df_datasus['Ano/mes atendimento'], format='%m/%Y')\n",
    "df_datasus['Ano'] = df_datasus['Ano/mes atendimento'].dt.year\n",
    "df_datasus_filtrado = df_datasus[~df_datasus['Ano/mes atendimento'].dt.year.isin([2016, 2017])]\n",
    "df_datasus_filtrado = df_datasus_filtrado.drop(columns=['Ano/mes atendimento', 'Total'])\n",
    "df_datasus_filtrado.head(20)"
   ]
  },
  {
   "cell_type": "code",
   "execution_count": 10,
   "metadata": {},
   "outputs": [
    {
     "name": "stdout",
     "output_type": "stream",
     "text": [
      "Matriz de Covariância:\n",
      "[[ 0.14634193  0.04367595  0.02537983  0.01017878  0.04649689  0.10236496\n",
      "   0.03779853  0.00550563 -0.00652299 -0.00915629 -0.01734039 -0.00752463]\n",
      " [ 0.04367595  0.22261913  0.11772749  0.05283444  0.144178    0.23943977\n",
      "   0.11192761  0.1488645   0.07080248  0.01286155  0.03561457  0.00646493]\n",
      " [ 0.02537983  0.11772749  0.09820241  0.03313269  0.09458951  0.13595375\n",
      "   0.07319236  0.10098887  0.04636924  0.01134839  0.02604405  0.00131866]\n",
      " [ 0.01017878  0.05283444  0.03313269  0.03459501  0.05515913  0.08429213\n",
      "   0.04049511  0.06029552  0.03421425  0.01433904  0.01707924  0.0049611 ]\n",
      " [ 0.04649689  0.144178    0.09458951  0.05515913  0.23453431  0.27851088\n",
      "   0.1341543   0.14051128  0.06982214  0.01963934  0.03634646  0.00691001]\n",
      " [ 0.10236496  0.23943977  0.13595375  0.08429213  0.27851088  0.6625425\n",
      "   0.26985943  0.24838932  0.15442618  0.07268441  0.10414     0.01812358]\n",
      " [ 0.03779853  0.11192761  0.07319236  0.04049511  0.1341543   0.26985943\n",
      "   0.31199735  0.16119469  0.14079241  0.12308709  0.09824099  0.01586536]\n",
      " [ 0.00550563  0.1488645   0.10098887  0.06029552  0.14051128  0.24838932\n",
      "   0.16119469  0.30847594  0.16605621  0.11089612  0.10668789  0.02628696]\n",
      " [-0.00652299  0.07080248  0.04636924  0.03421425  0.06982214  0.15442618\n",
      "   0.14079241  0.16605621  0.21916268  0.12513517  0.10438689  0.02972791]\n",
      " [-0.00915629  0.01286155  0.01134839  0.01433904  0.01963934  0.07268441\n",
      "   0.12308709  0.11089612  0.12513517  0.19255988  0.096583    0.03327173]\n",
      " [-0.01734039  0.03561457  0.02604405  0.01707924  0.03634646  0.10414\n",
      "   0.09824099  0.10668789  0.10438689  0.096583    0.1139574   0.02401517]\n",
      " [-0.00752463  0.00646493  0.00131866  0.0049611   0.00691001  0.01812358\n",
      "   0.01586536  0.02628696  0.02972791  0.03327173  0.02401517  0.03790968]]\n",
      "\n",
      "Autovalores:\n",
      "[1.40165107 0.40415335 0.20123422 0.1346124  0.11116427 0.01627313\n",
      " 0.0233823  0.03038982 0.03930217 0.08075343 0.06744712 0.07253495]\n",
      "\n",
      "Autovetores:\n",
      "[[ 0.08432805  0.25838955  0.26712798  0.40207207 -0.78996254 -0.01435371\n",
      "   0.03270473 -0.04536404 -0.18239045 -0.15234769  0.09405415 -0.02019133]\n",
      " [ 0.29265138  0.2163513  -0.4338721   0.28392171 -0.03376002  0.06909417\n",
      "   0.41084882 -0.17512961  0.09197252  0.50143717 -0.30477892  0.20129952]\n",
      " [ 0.1805165   0.10325818 -0.30320088  0.23258368  0.00330575  0.05254855\n",
      "  -0.76705853  0.39768271 -0.14756176  0.14491423 -0.12305339  0.05921361]\n",
      " [ 0.10421942  0.0286889  -0.11433624  0.00843576 -0.00179669 -0.97965582\n",
      "  -0.03960859 -0.05286153  0.07339008 -0.06491059 -0.015138    0.03536572]\n",
      " [ 0.31541246  0.24739633 -0.14632933  0.11681469  0.27233748  0.10964768\n",
      "   0.12806748  0.00200138 -0.09114835 -0.7708856  -0.15193668  0.27567935]\n",
      " [ 0.61804494  0.37762266  0.37397988 -0.53063547 -0.0167744   0.02237923\n",
      "  -0.07390356  0.04929135  0.09726887  0.17401701 -0.01833673 -0.07234401]\n",
      " [ 0.36101278 -0.21731569  0.4173289   0.59585968  0.42278556 -0.02175826\n",
      "  -0.01955789 -0.11517748  0.01863048  0.12283251  0.23903674 -0.1666991 ]\n",
      " [ 0.36804979 -0.26009256 -0.50339783 -0.08887974 -0.18816552  0.08178442\n",
      "   0.05380489 -0.07083598  0.06443829 -0.17763828  0.27978603 -0.60957912]\n",
      " [ 0.25307899 -0.42716538 -0.06723186 -0.11329828 -0.19972371  0.04632826\n",
      "  -0.02237845  0.04316838  0.14184562  0.03213057  0.45357399  0.68179326]\n",
      " [ 0.15827743 -0.51345588  0.20144777  0.03479265 -0.20935267  0.01066126\n",
      "   0.01425311  0.19531288  0.34270179 -0.12752267 -0.67178864 -0.04712295]\n",
      " [ 0.16195065 -0.31405173  0.03751785 -0.1540185   0.01549373 -0.078859\n",
      "   0.18704097  0.08296538 -0.87422522  0.10238798 -0.16316999  0.01761677]\n",
      " [ 0.03481207 -0.10736802 -0.00625872 -0.08731212 -0.0473725   0.06609703\n",
      "  -0.42350592 -0.85948515 -0.08373245 -0.0342054  -0.20099442  0.07957891]]\n",
      "\n",
      " Principais autovalores:\n",
      "[1.4016510731018084, 0.40415334884788784]\n",
      "\n",
      " Principais autovetores:\n",
      "[array([0.08432805, 0.29265138, 0.1805165 , 0.10421942, 0.31541246,\n",
      "       0.61804494, 0.36101278, 0.36804979, 0.25307899, 0.15827743,\n",
      "       0.16195065, 0.03481207]), array([ 0.25838955,  0.2163513 ,  0.10325818,  0.0286889 ,  0.24739633,\n",
      "        0.37762266, -0.21731569, -0.26009256, -0.42716538, -0.51345588,\n",
      "       -0.31405173, -0.10736802])]\n"
     ]
    },
    {
     "data": {
